T_temps=[0 0 1 0 0 3 21 45 118 224 1889 ];
